000078
000779
185930
001244
001503
461059
000671
165468
165409
199761
000612
002151
002194
002283
002674
002801
002542
002933
002305
003131
320510
003913
344930
004499
004626
004758
005479
004880
004952
815462
000540
018830
000590
006602
277495
034808
007358
014176
006777
009008
686042
009172
068710
009563
033680
329177
010472
010219
011088
011517
011576
011584
011550
011568
012815
012971
011533
013200
266063
186666
013463
686263
724769
685461
686247
438170
557661
057274
000566
013943
285662
013900
013986
011525
014052
074438
344051
287801
011606
000728
466255
018660
097055
018791
287210
018929
018961
579155
019054
305731
186236
019186
019224
011622
112387
019313
251664
019445
686891
743868
019704
019720
020036
505005
020222
020303
765031
019577
020354
505808
636037
020540
001058
020389
000663
020702
020877
020745
021008
021369
022322
102016
023990
067679
024252
612766
687286
026395
026530
026590
314617
688320
688193
SC3179
688061
033990
026743
343404
028231
028282
330043
119207
028541
001104
014036
028614
028673
503560
029459
034363
054623
030104
050415
030694
030880
031011
242390
031739
031887
214574
032280
032271
033235
034762
035173
034959
036340
512796
036447
036455
036471
036609
033561
037257
037125
036994
036862
253543
037648
037710
037770
033812
037907
038032
038083
583403
340804
038164
552585
120199
038598
039594
039306
040762
041297
041947
041416
041548
041670
041807
042269
043494
146998
090131
043753
043362
043982
045446
118575
040665
045578
045691
089058
047260
047910
048046
670413
047961
048020
557674
041980
049450
049476
049344
032298
049506
689491
705217
689556
689637
689610
682438
689343
049603
050199
050288
616722
637517
050512
050679
053244
053376
467572
710601
733121
694815
806972
751405
690767
690538
690015
690406
690279
689777
733229
733105
874361
690660
054542
054593
521116
054801
054933
417556
055069
272319
055131
055328
033880
055450
055395
033952
055611
418445
055719
403466
056367
056405
124887
197030
056758
057100
057347
034339
057380
059501
000221
060445
588849
060658
250350
060917
061077
061107
061697
061824
247005
034452
061956
062006
034355
062081
062995
063517
063541
185191
198811
063525
063550
063568
063649
063770
063908
064424
066249
066370
066508
179554
066532
066540
356315
066699
282227
066761
771406
067156
034347
067709
067547
058360
586248
068845
068713
246425
070254
439738
070661
070777
071056
071188
071781
071749
071870
071960
072095
058416
072222
073547
073784
514070
073911
074047
074179
075604
075990
076120
091855
076643
076511
080020
080268
080454
425729
693820
693693
693910
693634
694045
693715
693987
693650
082686
085898
082880
082759
083143
027655
083798
694509
SC3180
695408
694177
723967
084310
084832
559939
084700
425826
097110
211434
086240
094587
097098
088080
074373
086487
086517
088340
033387
086452
088471
088609
695211
827681
560408
072613
072745
072877
072907
089257
089699
089770
089451
089486
089966
090034
383252
090050
090107
090166
098094
320005
090077
090247
090140
090182
090158
090298
501875
090220
285552
137967
093548
091723
085618
074527
093718
090816
094455
093157
095885
097187
093696
094978
094846
092371
098876
091332
097969
099007
099074
099090
099082
099139
099260
099449
100048
100170
100757
088935
695963
101214
282953
262508
445658
101478
101605
101737
101796
151262
101869
101990
077046
102440
115541
102580
073130
105503
105635
105627
105678
105694
089028
105767
169200
106151
106178
106283
094757
493104
517488
106410
040331
106526
411795
619779
080741
076970
456756
696919
697460
697559
697567
697095
696900
697168
107778
107581
107735
107328
107719
107190
267840
107808
107948
059404
107972
108103
022128
443638
108499
108626
111090
111228
130982
084352
252018
111406
111430
111465
108693
671053
111740
111775
111872
112917
113174
122661
468064
113956
114073
114472
114731
115380
091073
116815
077011
117382
117463
117722
117595
117986
119547
118583
116840
120324
237787
620432
120715
121754
121886
383708
699241
121940
185973
122815
213012
096327
122858
122920
123056
123145
123315
123609
477957
123838
124354
124222
705470
700150
699896
689622
699500
701807
124869
125008
125130
125393
125482
158764
125555
035007
587234
125520
504632
069841
126179
126306
418790
127515
127477
127680
127736
127884
127876
127868
102644
073393
128058
122017
128511
128457
097209
235750
671207
129429
411264
130893
131008
131768
131890
132020
133060
413470
133582
133698
703001
131156
134236
170662
134627
134198
134848
134880
246078
438276
599135
135011
135135
135143
135534
135798
236411
136182
136441
138975
137030
136875
137090
137618
139041
254568
139173
139343
139432
139823
139955
140210
001793
448052
140783
700193
703672
703222
140864
140996
131245
141070
072086
141518
136883
141380
141410
141640
141771
588970
142689
142832
142816
142948
145548
145912
146978
014001
491997
148539
147109
147281
590984
136891
148660
691100
147524
124907
144266
149055
488921
147427
147753
147605
147621
131504
563982
147915
147885
147826
148148
149209
547449
612634
151165
151130
005215
434858
151653
170631
458554
448940
153087
153214
153478
153508
151416
603791
154113
155810
430242
195640
165514
157244
157376
157503
156078
157635
157899
158020
158151
634184
157767
158313
156132
163449
163481
163740
158542
208310
587281
362379
160172
160210
164399
164267
161276
162221
164690
164780
554596
165042
165174
871029
061228
689505
686638
686760
687677
687936
860515
705708
805076
685186
787779
821950
707996
723290
723169
862752
805580
728365
736422
740322
807796
759821
798401
755141
705322
785466
853291
835358
782319
787124
860310
749940
793108
794708
815985
707309
819107
819506
863823
773778
SC3213
023549
735632
156167
165441
731385
705047
796656
769765
705225
840947
705390
860443
786634
725633
703753
764264
703168
741671
698202
866569
753297
705055
754102
707880
864730
708054
701688
696005
705970
705136
722901
725668
734314
725536
701670
822786
865648
861367
753157
705420
732400
695025
797359
732397
765865
737208
735920
707465
750034
705349
688762
705365
753203
698075
766321
768138
774901
860573
709387
861170
787515
697940
861871
733402
699373
730327
730980
822540
709646
863394
740845
863696
863726
791288
793027
792187
795186
701971
798304
799998
804150
715539
156159
703095
753840
813257
697680
832626
841595
863009
845639
752625
712592
855375
857327
857459
728659
701777
761907
781255
861480
750518
004367
447621
165204
629646
426502
572312
186910
194069
532816
165212
497134
156264
165417
282260
156183
196502
302481
165000
019735
032247
309192
442869
165395
311090
156256
419354
165450
480785
328910
010340
008795
298572
232544
164941
619655
165484
165476
488291
412597
000230
079839
138681
260926
417726
419796
204986
215970
194239
287180
208944
540030
439568
313190
156051
302864
156108
191313
323187
384771
488550
164852
247352
327445
064491
250627
126258
156035
111532
530457
383392
195774
383376
559458
165425
412543
298133
588462
236136
506264
258016
722421
767978
705276
752550
750107
752576
696030
723592
705241
752899
685986
SC3211
804392
733228
770396
SC3126
767894
728807
718973
751120
014764
296082
738417
774379
342432
174882
138720
539197
156230
568961
332100
460338
242853
157325
067321
408735
282898
199737
165182
025977
314242
327425
164909
469165
530476
164925
809390
717258
848662
697605
689730
701580
705080
707449
738379
753068
728101
730440
737070
738506
754757
774480
775169
687022
786470
787329
860700
860441
862886
762946
811599
806625
761125
808180
705403
846449
704962
854590
858366
730335
789607
811173
226482
821225
808440
165620
166936
167070
165808
165824
165956
166340
134618
166472
789369
788438
694100
699764
760021
861391
755532
727270
837115
732080
707910
707970
722510
689705
795917
705411
729949
690007
733555
737330
828752
738166
738190
705330
774642
861529
690740
862525
730211
822671
838632
773557
822000
725714
815640
802662
800490
798223
810398
819026
841308
694632
837180
845744
842524
848808
758965
773943
167380
167517
167649
781231
766928
705128
705497
750468
739984
704997
772491
839486
735092
849732
156418
156469
619132
167738
270680
426375
170372
170895
170500
293776
170763
170682
171026
171123
493031
171247
171280
171417
173363
282170
281909
173479
173495
174920
175170
176796
176877
177008
177261
178969
050261
329134
206470
179752
137743
181323
181030
181552
619738
706027
182338
184284
785539
477567
126195
184411
202987
185655
185582
417580
181757
185680
004502
185841
185833
121112
185850
186759
334012
186783
156728
156019
180123
186880
190268
190411
190390
156841
169110
156981
190527
361348
190918
191027
191485
588552
191825
191957
192210
192341
192864
192880
192910
192937
193046
129674
193097
193119
193070
083456
706337
696307
857238
730441
856052
706930
706655
706540
710024
706990
706426
193518
193640
193771
181908
194018
195073
195464
195596
195812
194093
196169
196240
190780
384550
196266
196371
196550
196762
196630
589896
197211
197319
197416
198587
088309
198668
198781
198846
199125
199362
199389
194263
729663
201073
201316
201391
201413
201421
286850
201464
201448
201510
201529
201545
474578
088560
326785
531551
596092
054640
202495
202614
706078
203130
203262
203521
203912
203394
204170
707724
203009
511195
199699
073065
201776
206253
871140
206512
206474
331317
207810
207942
269852
056723
210277
020486
210358
210455
114477
208620
210714
524239
450242
211060
211192
211320
211451
211583
211842
211974
212237
212369
212490
385131
212881
212750
213144
708003
724530
708038
708011
213403
752410
213535
213730
034361
216003
213772
216135
216267
216402
216658
216780
216917
217050
096502
218219
217891
224197
217174
217220
218731
218600
213829
217301
174498
219908
217387
220035
442954
392197
357707
217697
217824
217956
213861
218103
218111
220426
220345
220523
220817
673013
201138
478133
221538
221554
030759
221597
221740
708062
706299
708070
710954
842249
689971
567787
529567
221805
494577
222119
222135
221856
222240
222372
091464
223158
223930
225622
225886
225754
240184
226017
226556
226661
226793
227196
384097
227099
227056
227331
226920
601342
227579
228010
228877
228940
424919
229130
229555
477435
229377
229393
229520
229199
229580
229652
217972
230430
230561
710970
230693
230820
230774
232262
688745
708143
708160
710997
760013
232904
233161
233480
233552
233706
236675
238759
849407
062050
242527
242780
691289
243175
281131
243426
244791
244600
253464
244422
244996
294037
245038
245380
245259
616599
245658
245909
184305
246034
023016
247197
249807
249939
250325
237655
250848
111600
250716
236845
252271
252557
252530
252794
252816
252832
419222
252875
253316
253448
254078
253340
253405
356980
253472
349909
095230
254096
485183
118827
254223
237086
254550
255300
231533
255467
255521
255971
255785
255378
255912
255947
255653
255416
255394
152820
256170
256005
256048
256307
257168
257214
220145
257869
257346
256897
257737
257478
257605
258121
258148
258970
595047
259160
259322
259551
259810
551325
711454
237191
261246
261378
262935
234460
263010
263079
263060
714062
714194
704210
704245
714810
817448
720518
714712
724467
715239
869673
864609
715131
714909
714453
714844
711985
716464
737970
716790
715751
716014
720313
716146
715492
716669
741485
716294
704237
716936
716960
716413
716405
716537
716995
718092
756440
717835
717444
717703
717410
717053
704288
865257
717312
828203
717185
718270
711497
718920
719269
719528
718610
719919
718483
718874
719005
719994
819219
720208
718432
720178
718408
821553
724734
767339
704334
701745
263508
263397
595861
034789
264628
264695
264750
265608
266051
266183
268003
268267
268640
270474
270504
270342
272280
270997
271128
272426
273201
273260
273333
273597
273694
273775
274542
273988
274119
274763
237329
274895
225946
223735
275026
722561
721530
721344
721735
721387
721212
721603
819028
721255
721646
721999
721972
275131
275158
595134
275280
275514
275670
696269
277754
158377
076104
600222
278165
278149
278211
278270
418765
278793
278920
418013
280810
287202
280879
280844
091596
280917
281000
279315
005797
723576
281263
124761
281492
281522
281654
309432
281786
281913
282049
282081
138990
185731
281026
282308
279374
240761
282324
086698
672785
282316
832634
264237
522619
471541
750259
723673
282375
282545
282693
279595
279706
279960
735523
691127
280097
280224
280356
286168
283088
209635
001649
283371
283347
285536
283410
007681
283436
283495
283479
283606
283738
477416
493090
514721
283860
283991
013719
284203
284254
106488
357120
284386
364741
750271
560766
284904
285684
283118
724602
285161
285293
223746
302664
724084
724068
285455
286079
286060
286087
286095
347957
286125
408543
694428
286206
447790
284645
133006
446033
281581
286729
166600
486336
280615
280747
287091
579722
382068
287563
287660
287156
287890
288241
124745
288543
288411
288675
288802
288934
586866
289060
536482
289884
289582
289710
289817
290130
289841
291030
291048
291080
291145
089442
291277
301825
291536
291790
311251
291927
293750
291986
294004
297615
294780
294659
294390
296473
296341
295698
295434
297127
297380
296996
300110
299855
756642
300373
300500
300632
297682
619787
301639
296600
302350
302457
302589
302716
302759
018309
145882
374601
303003
725510
417378
452440
170240
303429
303755
303984
304140
551941
304271
304379
304220
290254
305057
304921
303860
145602
099872
305316
000469
305510
305570
305707
306037
307548
070246
307831
307947
097314
308048
308170
308439
308307
145807
308455
052045
308897
308463
311316
309320
438062
094608
310255
310905
400308
037699
311553
311685
311758
311812
725617
726494
130850
311731
307866
311707
311855
311944
311960
588326
726206
570516
312339
312460
313599
313173
313050
312983
313114
313246
314153
314331
087934
314544
314579
095362
163619
314676
285535
016874
116646
318051
318086
053221
319740
319872
027235
320498
320919
321176
321338
308560
321370
321699
321435
321567
499344
728098
382809
321826
321958
322997
065223
273724
323195
323900
324647
675326
687394
325040
326259
326372
326500
325538
327280
327930
291404
361879
589101
364703
328197
491629
198978
328278
328324
380326
328448
328456
092509
328588
517103
329100
331180
331635
331708
331830
332097
332488
332356
332615
597201
334693
334901
334820
336122
335606
234850
129690
505820
328740
336289
336467
337862
338079
338206
338010
329460
320650
342190
342394
237582
343536
344338
344834
345229
345610
371483
730742
345903
345873
710296
345997
730971
730777
348511
348503
616796
346527
730831
046639
346659
346780
018279
329215
348732
349127
070530
349259
349623
349640
326712
350192
350508
444522
329690
350818
351202
351466
351725
351857
352500
352632
352764
353159
353183
605063
354716
355224
356026
356263
356271
356409
356425
356662
356921
356417
357057
360198
360309
361739
361895
361992
241091
423874
731447
557617
364010
240701
580847
364150
364290
364690
364665
083559
365246
364983
365190
365793
364720
364746
365769
365890
366021
366285
366412
366544
371742
366668
368490
135064
381568
368644
551333
599271
206199
109487
368857
344149
368946
125261
369535
732303
732311
782831
732338
733563
732346
826211
732354
731358
733520
868698
730688
759538
845884
724009
483672
376086
368822
371351
158399
371610
372005
185604
372463
372480
372781
374474
373559
374733
332933
375128
733016
733172
732800
753670
733245
688784
729159
733253
733270
733199
773875
733040
372978
376949
195200
378089
375896
375900
376035
376299
456316
378372
419607
164342
378119
336580
378178
311483
852549
732435
327026
076074
378577
380164
466951
380199
380733
382140
382191
382272
026336
265640
382647
013617
382795
382620
382825
733954
382868
565973
433624
212749
383058
384615
384747
383570
610429
384224
384259
406929
622346
384801
384879
384909
400475
400645
401129
400734
450298
400866
402940
403040
403075
403202
410357
403237
403334
410454
410748
153822
410918
406040
177911
410870
406139
407232
035240
091987
407291
383422
411132
403377
459441
403741
409570
411396
403350
500445
047180
409839
515252
410225
411655
411787
578519
411914
409618
412171
412309
737690
737720
736481
832146
737372
737399
737984
697630
740225
812757
739200
737593
412430
412570
394819
413739
502324
414123
414387
414395
414514
413658
414646
414905
413305
415421
415553
415812
863440
417203
413348
417505
097446
417521
076727
486663
419346
419320
421472
510700
419710
421537
419389
425630
109010
016796
612932
424650
093939
427667
427772
428680
428833
428817
741752
741884
741817
737147
743577
742155
743186
744026
742279
743984
744093
743704
742929
753823
743968
742171
743054
742147
742660
741744
741361
742821
744700
744484
744565
744611
744654
744751
742236
745006
746304
782606
746568
746177
746045
745260
745782
745910
745650
745391
745138
746690
747440
689106
742350
694304
747343
706264
707821
747211
748544
742384
747602
734349
749052
749087
747700
747998
749125
747882
748382
748129
748250
741710
690910
748773
748633
748536
732281
742309
749427
749290
749168
734373
749559
752193
429333
429465
429597
430110
431028
431150
431303
154705
431966
469114
432326
432458
432849
097578
234591
434140
433497
434272
434400
433608
434639
431354
434922
431656
433756
433799
433357
433888
435180
435872
435317
435546
435708
436267
436097
436747
437329
420428
070734
437581
437565
437557
437522
750042
557773
506508
506613
447212
439088
439193
439479
432918
605743
439983
440256
438014
441554
101112
441589
441945
548103
205611
263451
443573
443697
442011
240826
243043
444936
445061
099520
514780
444022
444286
445193
122092
445452
026727
444677
445525
317124
442054
445878
750336
241610
448222
448389
452297
448834
448575
448958
448966
449075
310777
449032
449350
449873
450006
806436
758400
750646
450073
450138
450332
451649
450391
450910
451304
451320
451436
451568
451720
452084
751634
706396
452343
095753
452491
477303
452734
453641
453129
453382
453773
452866
453900
454168
749966
752690
711721
025897
455075
454818
455598
455202
455725
455989
456110
456314
456632
457540
457280
456764
457418
457159
457809
458066
457930
458830
458384
460273
461415
461423
461830
462748
462870
464309
463000
462357
463523
462489
462225
463264
462616
463396
461962
462098
464171
464430
464562
465089
810355
752029
752061
466387
466646
465860
466778
465232
235245
548172
465739
574155
575194
465470
467162
469505
472360
472727
474541
494607
467324
476390
147831
476773
476650
478997
479063
479128
501188
239570
479403
479454
479640
479772
479900
480037
752819
752800
480428
287504
193735
753084
467529
467553
451177
467685
136964
480738
483150
483176
483117
257447
481017
271678
384380
483419
026666
483540
483834
484199
109920
484580
484695
484849
048305
304034
484970
485101
485756
485322
485306
485438
486400
068454
486272
486140
487180
486922
009954
485497
485365
467812
468070
472174
468207
468339
487210
480452
319937
561022
487252
121690
487317
487902
487384
487414
487570
487830
052254
336001
487872
060925
557188
488348
488356
488488
677523
621684
488542
488747
488879
011770
489000
489298
489310
489336
489360
428797
489425
489395
489522
201258
003104
490040
490300
490563
490695
491144
490954
490822
491080
491217
491349
491470
677477
491632
491730
491764
491993
493318
491861
185329
492957
493120
493163
330632
028851
494275
456241
493422
493554
468371
468428
493686
494011
494666
494070
494208
107280
495506
412984
495379
495891
495638
495263
509736
757616
758264
762756
756059
756830
756334
868370
708704
764370
758108
758914
757748
755923
760005
758280
758787
732133
759171
759040
756962
759309
867942
867985
864218
758000
757225
756180
496685
808007
829936
714208
839515
497193
413133
556807
497665
497738
497800
498513
753161
759481
822728
763462
501484
474444
501506
501972
298298
502006
502030
503720
503630
504475
517732
504866
504998
505099
505250
505382
505510
013226
505587
197235
763799
519588
506036
506168
496154
507725
507946
235113
508110
156880
509019
509280
509159
509566
510548
510289
519871
032700
531049
511102
511137
514187
514241
510130
533718
514292
514314
511080
287300
514357
514748
514659
515000
515132
379959
764434
515272
762814
764450
515353
515337
087548
515329
209969
218863
460796
515396
417572
554600
515523
515787
515639
422035
514900
516074
762016
535311
520225
516244
134959
516210
373279
466639
595993
622044
202126
516430
516694
516651
755052
516821
307785
517348
518840
062340
517453
518905
519294
518042
096016
524654
129038
142565
167126
031851
386470
469900
204901
523267
523321
524751
526436
523712
385263
524883
240828
525278
526673
526703
622311
520110
477283
526983
527742
626274
527971
528005
528137
527661
528269
528650
099783
155683
867853
765023
765180
765678
765635
765155
765201
770434
683246
765759
766038
766364
766453
766585
766712
759562
766844
766976
715030
767751
767913
768537
768405
839397
812896
845182
874396
768928
768790
768936
701599
772496
529176
528919
528781
769185
769312
769576
769525
769606
685145
770620
024650
534242
534374
772046
770612
769703
770353
770094
774049
770876
771007
771783
772647
770671
771295
691232
771392
770744
862134
771759
771651
771139
874085
772160
770655
772437
773344
773689
774383
772615
773735
772950
785865
773085
683661
773530
774251
774332
785857
775061
765694
775550
775444
775290
775681
775819
775797
775843
776637
704940
776335
776092
776602
776700
777161
776980
681054
757127
776742
777501
777765
777242
777935
777528
773832
778028
777650
777633
778672
762083
778150
778931
778800
779326
738857
779067
779849
684199
780235
866296
780499
868639
780570
836324
691259
780650
703966
780880
780774
780871
780804
780626
781010
689173
781118
781142
781304
781380
740586
781436
781266
781460
781282
781487
781401
854147
781797
781819
700227
782050
719390
782181
782963
830399
783137
783510
783161
782130
782440
783749
838178
783692
784133
783870
784303
784389
784451
784400
784290
783927
866555
784656
784990
785040
731226
785334
785393
785563
785695
785822
786020
785954
785997
786152
785911
529648
786276
786349
786497
702385
786667
786772
786756
786730
786861
787353
787388
787396
690031
787663
787647
529826
787906
788082
788163
788031
788686
535281
535419
535443
688738
788945
788694
789330
788147
788813
789208
789070
789232
789003
789100
789178
789143
859575
859591
789488
754832
535508
536512
310646
789690
789720
565750
536636
536717
536881
789763
789917
806102
789992
789984
790257
790150
791075
791806
791946
791938
791024
707961
850977
791679
753580
792080
790044
702749
792020
792039
790583
790176
790249
848612
792306
792454
792586
792365
792217
792322
793620
831724
825892
793256
793361
838912
793752
793868
793884
793809
731374
744743
794406
521760
794279
529958
530212
794538
794678
794791
773492
773450
795445
795968
796220
796093
795852
795798
795887
796352
796611
796468
797073
797316
797278
797260
797391
739395
798215
536970
478084
798290
798258
798274
729795
537624
621609
798878
799211
798495
706631
798460
799475
799343
691186
799556
530344
798568
798436
798827
763721
799530
799602
799734
800465
800406
809179
776175
774824
800775
753246
800902
801100
801160
770965
801178
801283
761079
715166
803022
850306
803057
690708
802980
803189
801682
803766
705489
804932
802336
801429
801550
802590
804282
727300
803243
802700
803375
803502
806137
680764
801577
751553
750581
750557
751383
680039
750905
805068
805530
804410
804126
802859
680435
804673
803790
802468
805327
805866
781533
805840
724220
724106
724122
751375
724076
805971
808709
806366
809489
809381
809098
814687
809535
704318
741620
808318
808830
806188
809233
814423
731870
811432
811696
810525
811564
846929
815330
762733
721020
764922
530603
806889
695602
811041
808571
812994
698334
815616
751464
814296
815594
809144
810827
813770
814032
725374
813907
806234
806382
854186
815411
815853
772020
816370
736201
816396
816116
816027
816639
785572
800007
816450
690066
866725
725161
690023
750435
689807
741680
816892
816760
816906
817287
540056
817678
818194
818844
708470
818500
818453
819492
819239
819883
819360
688182
820610
819433
820512
705870
820814
818968
820679
726036
820792
820652
810002
820830
820903
821055
821187
821330
821578
821969
821705
750298
531022
689998
830984
822639
822590
757573
730718
821195
821241
822566
821268
822353
821365
824690
823139
823317
823112
823430
822744
822876
814555
827843
696196
823090
823058
823015
823570
823597
823910
823783
823651
706000
824046
824305
708267
824330
824313
825964
827819
826120
830437
828858
830020
825654
681423
830933
825999
825344
825476
831840
865125
824950
708739
827169
728752
827290
824437
828467
693529
825867
100438
826901
831450
827940
828335
829374
732788
828726
828980
828874
829501
830283
745279
832375
832383
765428
832367
773757
828386
832308
823180
830801
832219
832405
832758
835048
832880
834440
829242
834688
834491
833690
833142
834602
720569
833010
832502
707694
835129
834220
835200
834181
834963
834831
834319
835226
833061
736888
835498
835668
835480
835536
835617
835749
836001
836273
836303
836133
836036
836435
836320
798986
837199
836524
381233
537659
559271
595012
538736
537675
586970
538833
538922
795471
836656
836915
753602
838993
837563
837431
838314
840165
840696
841773
837210
764248
838861
688878
838608
839779
839256
840530
839442
841900
840688
839388
840556
705748
713678
841331
841722
706744
843067
843024
842893
841498
843156
842540
841200
841986
842761
842915
840912
841811
841463
842389
840815
746827
843415
844322
845108
845531
845493
868000
844160
844845
845124
844977
843547
843989
844713
705098
843342
846015
845620
845779
846147
846473
847445
846791
847577
846660
847704
846937
847186
539180
848220
847933
848484
814080
531073
531090
539570
848743
848751
849243
848832
848875
848930
849138
849260
849286
849650
849529
849812
849910
850047
689130
850071
784435
850217
850209
850179
850381
850365
863785
850403
843466
863955
851167
744065
850829
851000
850950
851078
851213
851477
762296
851736
851299
851264
852910
852902
852252
702250
754625
853038
729140
852511
744352
773786
852651
864080
854727
854980
855243
773026
864617
854336
855650
856150
856118
856207
855898
856410
856592
856541
856673
856630
539961
575976
540005
856800
856932
856959
858420
737242
857165
857742
857580
857971
857998
736465
858013
773590
858757
858102
857840
865362
531146
858889
859036
858960
859095
501557
540099
540200
329886
542040
519030
542148
542172
543217
543438
543470
543730
543349
536733
543861
543993
672610
106913
600610
544256
544388
544582
544892
544779
091610
547506
243524
547875
547891
548022
548413
548545
548618
574287
550493
550361
550620
548707
550647
539427
040509
521248
403725
550809
550817
550884
609900
551090
554910
551074
536393
298904
551040
551066
318387
551104
551147
868825
551279
868914
526890
803403
110728
551376
463655
551791
551660
536849
551422
555169
619299
864510
422237
552259
153931
096270
552704
168221
552836
548712
552399
552887
550795
472181
553093
393777
556602
556793
050571
270291
557234
557200
557269
557250
557382
557897
559075
560898
864994
561037
561045
186040
383260
561070
547123
561100
562289
562580
557146
563102
563234
254519
564133
766636
566500
340936
566225
874256
566667
566489
337030
566870
517216
569933
569607
569135
569860
569739
569216
569992
569348
123885
570125
615129
570389
570419
866423
706418
570460
460015
574546
575321
573507
576107
576239
572853
577014
577049
092886
578053
577405
577669
577537
578444
578576
578703
578835
118524
568694
568821
579092
314935
569565
570326
583669
107284
584037
586110
093700
176049
586374
586501
090557
586765
357316
586846
587028
587150
001899
590002
590665
587443
590916
579190
361747
590924
591050
579351
591270
591955
593915
056103
028304
308026
579297
598720
594970
598909
598984
595101
600091
214588
073745
147362
595608
595098
596256
596388
325635
596647
600156
600679
595500
601977
381646
602558
602108
602620
602272
602361
602230
602493
595535
515008
597260
587215
602850
597554
597686
602906
602957
603015
624500
603538
603406
603244
603929
579610
585599
604054
171101
604674
604992
605166
604780
605093
604836
144872
605220
536326
605611
605492
579742
579874
606138
359520
608017
605816
607177
607274
340898
607304
363687
610704
607436
607550
607541
616257
505790
607568
510530
679054
278280
525960
609250
614238
609285
610593
609773
609382
612405
609510
609552
618063
089516
614700
612502
612707
613282
613150
614904
131377
614882
634565
581178
615366
615498
615625
615757
615889
549380
616141
580007
579459
263320
866008
579246
616532
617059
061972
617210
617318
169207
617440
619000
618810
618870
618896
619396
619523
620173
429619
619981
621862
580520
135470
417564
579327
607827
606189
622028
622257
622265
624101
407275
624330
624594
624721
624756
625132
625221
627194
913715
890073
890286
890332
890464
911609
947210
890723
890855
890880
890987
904040
891274
902344
941174
724777
685984
943630
891630
901908
892475
891894
892025
890200
892203
901887
703923
685550
736228
892416
892670
687308
688363
688088
688231
892807
892939
892998
890120
893048
890227
890243
893064
950519
893196
893323
941542
893773
893803
893978
947148
894109
894060
894230
929727
894362
894621
939585
895016
689351
689360
689661
691798
689726
689750
689939
689386
895148
694193
733024
690791
895407
895458
895539
895660
899701
895792
895920
896055
896187
690961
896446
896578
896705
934991
896969
897353
897485
933346
906514
890529
898090
898260
898317
749813
694550
694452
728632
850888
694134
912651
952524
899704
909300
898520
695483
918407
695343
700088
695734
899003
899046
865638
696153
899178
899283
947180
899275
891347
899305
952842
899569
899828
900087
899437
900516
705446
860919
900214
899224
900478
900559
900567
900540
899240
909831
695947
900869
897876
919322
901121
901253
901342
901385
697125
901474
901687
901512
901644
901660
967836
902292
902420
918997
902462
698989
902915
902551
902586
895237
902640
902810
761182
903078
967740
935244
903337
902748
897744
903469
702935
903590
909673
953571
933156
903728
892483
903850
703796
904392
703184
904112
904341
904635
922706
893675
905020
904970
937592
905283
935455
947245
905674
916579
906069
905585
906450
906484
906565
907103
906972
906581
907235
906719
907383
907499
906875
906840
909203
955622
724157
855949
685011
705314
705373
696048
698725
694827
695955
695050
701718
752720
707015
708500
705438
705101
791601
704717
710504
704920
705233
710660
704989
710903
835005
711110
696021
705020
705004
725684
686085
752908
728330
728772
771473
750085
846435
758231
SC3127
832670
713740
822507
701700
864650
704970
912573
924792
902306
907553
911100
922609
705110
907588
909858
910554
914723
907308
907448
907642
898582
918296
934852
890817
907570
961008
946117
896889
707511
907430
919055
912662
920550
907480
949540
907464
904945
901539
930144
907472
909335
907421
922870
925326
901037
952803
965570
907677
906328
907898
908010
908142
908274
908665
954167
908819
908924
909092
909050
909190
909181
683922
782017
733458
780213
740390
751073
705357
706477
790001
865368
691950
854087
846041
909319
909440
909572
909602
924246
849901
682867
707589
731951
710083
706957
706809
925365
953776
909700
706523
925179
910058
910350
910481
910740
910872
707708
911070
911143
911135
911399
911526
901439
911607
940968
890405
940976
940984
911615
940925
911259
911780
912174
912301
912360
912433
928151
925438
912565
912697
912824
912956
913081
913189
913219
913340
913472
911291
913600
913863
914010
891304
914070
930348
914380
943940
914444
914517
914770
915033
915297
915424
SC3215
915688
943916
915815
914908
916293
916269
916331
916463
916552
916854
713996
720488
704261
715298
715247
704253
718114
715824
724742
720232
720240
704300
715190
711098
917249
917370
917630
917559
917761
917931
917893
918024
918130
918113
721085
918156
918237
918253
722790
918288
918300
918555
723096
918547
918423
723630
696392
723428
874888
724564
915556
918830
918679
918954
918938
724513
906736
930679
919063
919195
919233
919454
919586
919977
920100
927163
920231
920363
920495
920533
705949
920886
914410
726087
921092
940666
921408
921530
920576
921661
920622
920592
921750
922056
922188
922315
689181
922498
922501
922854
962236
952885
922838
922960
923095
923354
923613
923486
923745
923877
900494
904503
728055
728063
924008
904203
924130
798118
728420
904767
924431
729019
924520
924679
924652
951714
924695
924784
933198
924911
924849
730653
925136
730963
730882
932345
925349
898007
925551
925560
925691
731820
926086
926140
931727
926345
926817
926736
948426
925535
927120
924393
927252
927384
732320
735060
741310
732443
927430
733032
733288
897957
733474
748504
722900
927830
784870
743482
802247
680354
685100
733490
924598
927724
927902
927708
915166
784488
734080
928038
928160
928291
928682
928810
835099
929336
893455
929425
890596
929468
929590
966722
930636
918598
946109
930768
929859
929980
910228
930113
930245
930660
891150
930504
931020
932812
931284
931543
736457
738115
738050
690694
740195
809020
738271
902636
902935
931934
932060
932191
932116
740454
932329
932434
932450
932507
902276
968729
932710
932841
925403
745529
742333
748528
933236
933287
933490
933759
905838
944939
939480
934275
751103
934402
918210
943381
918202
958431
954252
933672
934925
953253
935050
935182
751430
935310
894672
935360
935476
935700
935832
936090
936227
936286
936480
936618
936740
936871
937134
937657
937789
752827
752932
937916
937983
753009
937266
939420
964809
938106
938173
938009
938300
938432
938564
938696
938823
939080
939218
947229
947202
937665
753211
935425
943509
898910
926359
932973
937525
939609
937673
756709
759430
759970
790818
773662
761710
939730
939596
939765
939862
949744
940127
940437
940445
940518
940623
940720
890861
918415
936669
763772
941328
941425
917231
941557
941603
941719
941743
942952
941840
941859
941948
942006
941883
941972
942014
942022
942200
942162
942332
942340
942367
942405
942448
942464
942596
942855
960413
942987
943118
943240
943894
767255
945064
763602
944025
771686
771520
765708
775606
945196
776360
776726
777196
691356
944157
838541
783358
944416
786217
786691
868286
788511
788112
945250
962646
945508
843510
751502
792594
798193
798010
798690
799912
800430
801259
696056
801275
858892
804800
751537
751898
764914
736163
763659
814954
806919
814962
810916
815160
806277
813389
944670
803065
820733
821381
822655
864331
823953
706139
826278
830410
689831
776076
944807
832103
776599
831190
824593
827401
726176
704873
811780
832545
864570
832480
718018
866849
834718
836265
945455
838268
687111
836788
816132
841358
689203
841730
845361
843296
844012
847313
945587
945714
945846
945978
849626
784979
851116
851752
852775
852546
733067
773050
855006
864471
854212
854280
854530
855685
864170
946192
946338
941298
950848
958050
946362
946494
946648
863657
902299
947237
947300
954403
947407
947539
947563
684465
947792
947814
948055
948314
948446
946940
948578
948187
916412
898285
948705
890170
945072
918440
918563
948870
949140
949159
949027
864366
948969
949035
902747
949094
949221
949230
949353
891401
949612
950262
950394
950521
950653
950785
950912
951048
895270
953555
951366
951404
951820
951439
928852
951927
951951
951463
952087
951560
951692
951749
952214
952346
952516
952478
952605
947253
952818
918806
952990
950009
953121
953148
953385
950130
901024
953725
953822
954039
954160
954373
954292
954420
954551
932310
932302
954942
954640
954683
954810
954993
